    ActivityOrSubject tBodyAcc-mean()-X tBodyAcc-mean()-Y tBodyAcc-mean()-Z tBodyAcc-std()-X
1             WALKING         0.2686486       -0.01831773        -0.1074356       -0.9609324
2    WALKING_UPSTAIRS         0.2730596       -0.01268957        -0.1055170       -0.9834462
3  WALKING_DOWNSTAIRS         0.2791535       -0.01615189        -0.1065869       -0.9844347
4             SITTING         0.2763369       -0.01790683        -0.1088817       -0.3146445
5            STANDING         0.2881372       -0.01631193        -0.1057616        0.1007663
6              LAYING         0.2622946       -0.02592329        -0.1205379       -0.2379897
7           Subject_1         0.2656969       -0.01829817        -0.1078457       -0.5457953
8           Subject_2         0.2731131       -0.01913232        -0.1156500       -0.6055865
9           Subject_3         0.2734287       -0.01785607        -0.1064926       -0.6234136
10          Subject_4         0.2741831       -0.01480815        -0.1075214       -0.6052117
11          Subject_5         0.2791780       -0.01548335        -0.1056617       -0.5076910
12          Subject_6         0.2723766       -0.01756970        -0.1159945       -0.5050861
13          Subject_7         0.2702117       -0.01879049        -0.1124924       -0.5775183
14          Subject_8         0.2707591       -0.01818950        -0.1068096       -0.5829589
15          Subject_9         0.2703138       -0.02094666        -0.1012338       -0.5556565
16         Subject_10         0.2768485       -0.01783579        -0.1113015       -0.5378077
17         Subject_11         0.2765853       -0.01912725        -0.1089418       -0.5894765
18         Subject_12         0.2736087       -0.01833720        -0.1066491       -0.5839622
19         Subject_13         0.2758959       -0.01765048        -0.1091353       -0.6248445
20         Subject_14         0.2701846       -0.01625482        -0.1009859       -0.6116711
21         Subject_15         0.2782134       -0.01646448        -0.1125636       -0.5565412
22         Subject_16         0.2778874       -0.01585679        -0.1072639       -0.6681615
23         Subject_17         0.2740295       -0.01754160        -0.1091999       -0.6084552
24         Subject_18         0.2763242       -0.01728315        -0.1081123       -0.6946169
25         Subject_19         0.2697235       -0.01820315        -0.1182772       -0.5746589
26         Subject_20         0.2684258       -0.01759130        -0.1080291       -0.6048467
27         Subject_21         0.2774665       -0.01766646        -0.1087785       -0.6723239
28         Subject_22         0.2747677       -0.01682736        -0.1086704       -0.5460900
29         Subject_23         0.2734933       -0.01958926        -0.1090940       -0.6225940
30         Subject_24         0.2767670       -0.01768225        -0.1079145       -0.6754592
31         Subject_25         0.2753015       -0.01932218        -0.1096290       -0.7162645
32         Subject_26         0.2730366       -0.01616873        -0.1076379       -0.6231010
33         Subject_27         0.2772646       -0.01679692        -0.1108483       -0.6609761
34         Subject_28         0.2775326       -0.01917214        -0.1097109       -0.6490404
35         Subject_29         0.2791115       -0.01847195        -0.1086756       -0.5742954
36         Subject_30         0.2763058       -0.01758561        -0.1058936       -0.6158908
   tBodyAcc-std()-Y tBodyAcc-std()-Z tGravityAcc-mean()-X tGravityAcc-mean()-Y
1       -0.94350719       -0.9480693           -0.3750213           0.62227036
2       -0.93488056       -0.9389816            0.8797312           0.10871354
3       -0.93250871       -0.9399135            0.9414796          -0.18424651
4       -0.02358295       -0.2739208            0.9349916          -0.19671350
5        0.05954862       -0.1908045            0.9264574          -0.16850722
6       -0.01603251       -0.1754497            0.8750034          -0.28137719
7       -0.36771622       -0.5026457            0.7448674          -0.08255626
8       -0.42896299       -0.5893601            0.6607829          -0.14721989
9       -0.48001592       -0.6536256            0.7078144          -0.02605905
10      -0.50992938       -0.7094927            0.7065930           0.11259120
11      -0.40272491       -0.6464436            0.6981537           0.11231311
12      -0.36840367       -0.6725120            0.6887021           0.01620555
13      -0.54640337       -0.4564736            0.6812891          -0.04202215
14      -0.34938373       -0.4994727            0.6474982           0.03032111
15      -0.57588790       -0.5061118            0.6708455          -0.04674470
16      -0.49740589       -0.6147770            0.6429057          -0.07402485
17      -0.49037935       -0.6653243            0.7305262           0.05273870
18      -0.52204002       -0.6992935            0.6992225           0.02997678
19      -0.44881610       -0.5872306            0.7099965          -0.04208581
20      -0.37473077       -0.2935427            0.6720812          -0.11170139
21      -0.48167954       -0.7057066            0.6888725           0.10266049
22      -0.64994707       -0.6038199            0.7009061          -0.06052360
23      -0.56700532       -0.6605828            0.6989374          -0.01373470
24      -0.62711751       -0.7015960            0.7168632          -0.01578200
25      -0.50703508       -0.6491847            0.4753230           0.09640526
26      -0.36933671       -0.6347873            0.6280406          -0.03730595
27      -0.56558519       -0.6696218            0.6457760          -0.07509631
28      -0.49118843       -0.6550897            0.6093909           0.03150987
29      -0.53207855       -0.4505572            0.6623247           0.01462092
30      -0.58249066       -0.6364975            0.6949813           0.07295097
31      -0.53142104       -0.6470956            0.6723866           0.04716014
32      -0.58596714       -0.7049806            0.6151235           0.10870478
33      -0.63046049       -0.6832153            0.6272301           0.03224239
34      -0.57365190       -0.6858214            0.6237679          -0.14757776
35      -0.59840028       -0.6064613            0.6830676           0.11548976
36      -0.51904739       -0.5226433            0.6968582           0.05126982
   tGravityAcc-mean()-Z tGravityAcc-std()-X tGravityAcc-std()-Y tGravityAcc-std()-Z
1            0.55561247          -0.9433197          -0.9631917          -0.9518687
2            0.15377409          -0.9796822          -0.9576727          -0.9473574
3           -0.01405196          -0.9880152          -0.9693518          -0.9530825
4           -0.05382512          -0.9776121          -0.9669039          -0.9545976
5           -0.04797090          -0.9497488          -0.9342661          -0.9124606
6           -0.14079567          -0.9481913          -0.9255493          -0.9019056
7            0.07233987          -0.9598594          -0.9511506          -0.9258176
8            0.13486534          -0.9630155          -0.9600336          -0.9453654
9            0.04809379          -0.9664576          -0.9445645          -0.9269663
10           0.16413090          -0.9626370          -0.9414168          -0.9414034
11           0.09216072          -0.9646291          -0.9399738          -0.9420787
12           0.04752000          -0.9588987          -0.9509349          -0.9379102
13           0.03421607          -0.9565382          -0.9553126          -0.9233047
14           0.08365424          -0.9542567          -0.9484465          -0.9231807
15           0.10435365          -0.9587847          -0.9499381          -0.9205543
16           0.05520472          -0.9658081          -0.9545241          -0.9387064
17           0.14020986          -0.9753945          -0.9571388          -0.9568120
18           0.03302955          -0.9673834          -0.9605729          -0.9468086
19           0.04430105          -0.9672681          -0.9535407          -0.9387279
20          -0.16117973          -0.9412457          -0.9423773          -0.9159278
21           0.03728977          -0.9687334          -0.9563695          -0.9472401
22           0.04020755          -0.9711564          -0.9647275          -0.9452940
23          -0.01770424          -0.9717717          -0.9588100          -0.9490392
24           0.08999017          -0.9801387          -0.9695420          -0.9594342
25           0.23301140          -0.9582904          -0.9592538          -0.9418003
26           0.10723076          -0.9582019          -0.9525068          -0.9409815
27           0.03218518          -0.9655866          -0.9693308          -0.9530940
28           0.23588786          -0.9585045          -0.9573231          -0.9390810
29           0.05186625          -0.9643930          -0.9603189          -0.9342361
30           0.06232277          -0.9753297          -0.9608982          -0.9557246
31           0.23922604          -0.9500171          -0.9010888          -0.8806823
32           0.23410701          -0.9678179          -0.9597136          -0.9556434
33           0.14116870          -0.9746202          -0.9725052          -0.9592004
34          -0.04699310          -0.9738733          -0.9603656          -0.9462256
35           0.20821537          -0.9732829          -0.9646432          -0.9416218
36           0.18434318          -0.9743191          -0.9522883          -0.9294326
   tBodyAccJerk-mean()-X tBodyAccJerk-mean()-Y tBodyAccJerk-mean()-Z tBodyAccJerk-std()-X
1             0.08184739          0.0111723565         -0.0048597694          -0.98038181
2             0.07587885          0.0050469053         -0.0024866606          -0.98499723
3             0.07502792          0.0088052586         -0.0045820613          -0.97996856
4             0.07671874          0.0115061925         -0.0023193861          -0.26728816
5             0.08922669          0.0007467491         -0.0087286040          -0.03388265
6             0.07672932          0.0087588896         -0.0060095340          -0.36086343
7             0.07709305          0.0165908439         -0.0091075873          -0.52472192
8             0.07853532          0.0070877125          0.0007557607          -0.55780960
9             0.07017313          0.0144664329         -0.0005268189          -0.63548469
10            0.07886378          0.0035134095         -0.0073737514          -0.63185308
11            0.08410199          0.0017656830         -0.0029537113          -0.57589054
12            0.08138336          0.0004792811         -0.0022589630          -0.53146831
13            0.08318296          0.0076090977         -0.0079172570          -0.61513138
14            0.08421575          0.0008603016         -0.0196719913          -0.57599307
15            0.08401714          0.0067848585         -0.0010299809          -0.57830516
16            0.07981086          0.0129143257         -0.0113556968          -0.52938321
17            0.08301345          0.0078044254         -0.0065742498          -0.65932308
18            0.07043031          0.0053115378          0.0003081124          -0.58241827
19            0.07943930          0.0038796195         -0.0123485924          -0.63888953
20            0.07417575          0.0044368272         -0.0025304469          -0.64196420
21            0.07768974          0.0048939205         -0.0044099319          -0.62405578
22            0.07754889          0.0088401833         -0.0014373001          -0.72786174
23            0.08140606          0.0084894967          0.0027028801          -0.68260310
24            0.07748092          0.0128850449          0.0008485451          -0.73464445
25            0.07741711          0.0115812422         -0.0018619885          -0.57108827
26            0.07981813          0.0022092871         -0.0045061190          -0.62709883
27            0.08222079          0.0035010755         -0.0106590727          -0.69976334
28            0.07910311          0.0152572467         -0.0072287330          -0.58496376
29            0.07785882          0.0200470965         -0.0007176809          -0.60818375
30            0.07847350          0.0039690031         -0.0070096056          -0.74030054
31            0.08176574          0.0063863388         -0.0103461715          -0.79682335
32            0.08087433          0.0076770998         -0.0072489194          -0.68281565
33            0.07683204          0.0061771499         -0.0049500061          -0.70054997
34            0.08072631          0.0138224437          0.0008242083          -0.68081373
35            0.07883823          0.0090016125         -0.0035529054          -0.62345641
36            0.07347993          0.0073043826         -0.0006538719          -0.67900725
   tBodyAccJerk-std()-Y tBodyAccJerk-std()-Z tBodyGyro-mean()-X tBodyGyro-mean()-Y
1           -0.97114757           -0.9794766      -0.0167253403        -0.09341071
2           -0.97388316           -0.9822965      -0.0384313168        -0.07212081
3           -0.96434275           -0.9794859      -0.0266871408        -0.06771187
4           -0.10314114           -0.4791471      -0.0347275767        -0.06942004
5           -0.07367441           -0.3886661      -0.0840345435        -0.05299286
6           -0.33922650           -0.6270636       0.0068244960        -0.08852253
7           -0.47041240           -0.7173223      -0.0208764064        -0.08807227
8           -0.49187589           -0.7418854      -0.0517030658        -0.05684202
9           -0.55721187           -0.7960662      -0.0248490683        -0.07435653
10          -0.58406320           -0.8433532      -0.0289417907        -0.07872299
11          -0.50654436           -0.7845620      -0.0294516874        -0.07743164
12          -0.45443750           -0.7389552      -0.0433611785        -0.07061291
13          -0.62299742           -0.6643369      -0.0518716929        -0.06460771
14          -0.45872493           -0.6683568       0.0035905390        -0.09107751
15          -0.67892387           -0.7216101      -0.0701318155        -0.07298843
16          -0.54023662           -0.7507293      -0.0185023696        -0.08464037
17          -0.60878423           -0.8425118      -0.0547328440        -0.05822758
18          -0.57135982           -0.7926219      -0.0628663473        -0.05920273
19          -0.56970055           -0.7284530      -0.0562470619        -0.06166138
20          -0.58645962           -0.6568556       0.0002536714        -0.09549212
21          -0.59431268           -0.8258209      -0.0281278781        -0.07587885
22          -0.73508020           -0.7678730      -0.0122341447        -0.07244448
23          -0.66869382           -0.8133396      -0.0146686177        -0.08271093
24          -0.73296918           -0.8472578      -0.0373993799        -0.06782001
25          -0.57131119           -0.7053430      -0.0385723953        -0.06814206
26          -0.52717460           -0.7473626      -0.0242488812        -0.07894484
27          -0.66515912           -0.7818239      -0.0276346639        -0.07847197
28          -0.56047012           -0.7604684      -0.0080063064        -0.09496611
29          -0.61898123           -0.6030488      -0.0220890418        -0.08259730
30          -0.68597980           -0.7363742      -0.0212578097        -0.07824402
31          -0.72250292           -0.8606694      -0.0029815116        -0.08390035
32          -0.67838658           -0.7783495      -0.0206599321        -0.08274151
33          -0.67479229           -0.7836321      -0.0608887603        -0.05521779
34          -0.65161985           -0.8008706      -0.0644963546        -0.04714740
35          -0.63549978           -0.7937468      -0.0101831911        -0.08828833
36          -0.66077055           -0.7816445      -0.0354229280        -0.07174825
   tBodyGyro-mean()-Z tBodyGyro-std()-X tBodyGyro-std()-Y tBodyGyro-std()-Z
1          0.12588514        -0.9678924        -0.9631925        -0.9635092
2          0.07777715        -0.9810222        -0.9667081        -0.9580075
3          0.08014224        -0.9455284        -0.9612933        -0.9570531
4          0.08636265        -0.4699148        -0.3479218        -0.3384486
5          0.09467820        -0.3338175        -0.3396314        -0.2728099
6          0.05989381        -0.4676071        -0.3442318        -0.2371368
7          0.08626417        -0.6865557        -0.4509798        -0.5974961
8          0.08725994        -0.7106489        -0.7229437        -0.6348889
9          0.08668755        -0.6992622        -0.7630222        -0.7094834
10         0.09571749        -0.7013977        -0.7982357        -0.7263742
11         0.08662671        -0.7099557        -0.7056383        -0.6065898
12         0.09731303        -0.6538007        -0.6262521        -0.5999102
13         0.09776717        -0.6871555        -0.6524087        -0.6633408
14         0.06408676        -0.6562192        -0.5709412        -0.5113920
15         0.10909291        -0.6764524        -0.6704982        -0.5875577
16         0.09102650        -0.6739056        -0.5913332        -0.5981423
17         0.08728411        -0.7399221        -0.7035018        -0.7250160
18         0.09607421        -0.7278817        -0.7350628        -0.6710577
19         0.09886606        -0.7151099        -0.6457286        -0.6433373
20         0.06067124        -0.7286614        -0.3989594        -0.3644782
21         0.09066585        -0.6968595        -0.7087791        -0.7218270
22         0.07301447        -0.7995345        -0.8101241        -0.7376300
23         0.07702506        -0.7590111        -0.7648670        -0.7207410
24         0.09084029        -0.8045337        -0.7773617        -0.7456125
25         0.08836096        -0.6377899        -0.6438663        -0.6456822
26         0.08562806        -0.6845863        -0.5736774        -0.5272780
27         0.08612127        -0.7961723        -0.7650578        -0.7016420
28         0.08124066        -0.6959192        -0.7840523        -0.6544580
29         0.07469494        -0.7557386        -0.5003382        -0.6096835
30         0.08417404        -0.7761990        -0.7633655        -0.7082517
31         0.09936061        -0.6831320        -0.7522610        -0.7474102
32         0.09178533        -0.7666740        -0.8006755        -0.7033472
33         0.10894709        -0.7958536        -0.8020487        -0.6741285
34         0.10084028        -0.7402766        -0.7412855        -0.6697897
35         0.08816263        -0.7346993        -0.6345692        -0.7138646
36         0.08345446        -0.6710058        -0.5389907        -0.5897834
   tBodyGyroJerk-mean()-X tBodyGyroJerk-mean()-Y tBodyGyroJerk-mean()-Z tBodyGyroJerk-std()-X
1             -0.10186430            -0.03819809            -0.06384982            -0.9761248
2             -0.09565211            -0.04077978            -0.05075553            -0.9857051
3             -0.09972928            -0.04231711            -0.05209555            -0.9669579
4             -0.09430071            -0.04457011            -0.05400647            -0.3762214
5             -0.07285323            -0.05126398            -0.05469615            -0.3826898
6             -0.11211746            -0.03861927            -0.05258103            -0.5531328
7             -0.09711202            -0.04171648            -0.04713940            -0.6378127
8             -0.08755875            -0.04339868            -0.05575418            -0.6716791
9             -0.09915546            -0.04019239            -0.05211783            -0.6893284
10            -0.10785932            -0.04004276            -0.05780893            -0.7237886
11            -0.10352288            -0.04906245            -0.05062582            -0.6625813
12            -0.08291600            -0.04549210            -0.05336103            -0.5460100
13            -0.09420374            -0.04144014            -0.06103079            -0.7017312
14            -0.10496986            -0.04009222            -0.05828871            -0.6749845
15            -0.08922549            -0.03973444            -0.05340288            -0.7617109
16            -0.10815083            -0.04242200            -0.05555213            -0.7032435
17            -0.08054733            -0.04939141            -0.04801402            -0.7817381
18            -0.07311344            -0.04367882            -0.05745850            -0.7097261
19            -0.08811824            -0.04408366            -0.05827187            -0.7157730
20            -0.10755613            -0.04332005            -0.04506938            -0.7862917
21            -0.09609101            -0.04412707            -0.05556455            -0.7313827
22            -0.10736161            -0.04166157            -0.05394704            -0.8582987
23            -0.10785417            -0.03917194            -0.05084965            -0.7883880
24            -0.09440296            -0.04416919            -0.05684826            -0.8428935
25            -0.08959394            -0.03832087            -0.05696494            -0.6188362
26            -0.09498218            -0.04143561            -0.05430013            -0.6983541
27            -0.10055832            -0.04082361            -0.05338610            -0.7924832
28            -0.10925756            -0.03846162            -0.05821443            -0.7088987
29            -0.09669907            -0.04327227            -0.06219591            -0.7286921
30            -0.09982942            -0.03907494            -0.05529877            -0.7644900
31            -0.10826388            -0.03898848            -0.05557822            -0.7686825
32            -0.09881256            -0.04047640            -0.05582827            -0.7323214
33            -0.08930660            -0.04504145            -0.05862547            -0.8210758
34            -0.08812136            -0.04479726            -0.06076807            -0.7205157
35            -0.10070775            -0.04643220            -0.05278600            -0.7361177
36            -0.09267690            -0.04129038            -0.04935562            -0.7806364
   tBodyGyroJerk-std()-Y tBodyGyroJerk-std()-Z tBodyAccMag-mean() tBodyAccMag-std()
1             -0.9804736            -0.9847825         -0.9411107        -0.9321600
2             -0.9865023            -0.9838055         -0.9546439        -0.9393242
3             -0.9802633            -0.9770671         -0.9541797        -0.9465348
4             -0.5126191            -0.4474272         -0.1679379        -0.3377540
5             -0.4659438            -0.3264560          0.1012497         0.1164889
6             -0.6673392            -0.5609892         -0.1002041        -0.2498752
7             -0.6344722            -0.6645920         -0.4536329        -0.4970964
8             -0.7835955            -0.6746119         -0.5352818        -0.5528125
9             -0.8426599            -0.7430285         -0.5631408        -0.5912248
10            -0.9025026            -0.7483691         -0.5615821        -0.6065560
11            -0.7741143            -0.5646808         -0.4608664        -0.5216235
12            -0.6776360            -0.5269083         -0.4647700        -0.4837906
13            -0.6749201            -0.7508087         -0.5113120        -0.5106699
14            -0.6830869            -0.6959703         -0.4685226        -0.5540390
15            -0.7732739            -0.7446560         -0.5051835        -0.5530383
16            -0.7686418            -0.6868003         -0.5025002        -0.5453488
17            -0.8683773            -0.7954909         -0.5428250        -0.6128823
18            -0.8112326            -0.7493519         -0.5595865        -0.5743865
19            -0.7189886            -0.7127164         -0.5398716        -0.5972310
20            -0.6979155            -0.6382991         -0.4532626        -0.4740586
21            -0.8539566            -0.7956262         -0.5272854        -0.5571479
22            -0.8695731            -0.8370399         -0.6161311        -0.6617197
23            -0.8259887            -0.8082513         -0.5683672        -0.6360745
24            -0.8840505            -0.8386147         -0.6583710        -0.6896719
25            -0.7259914            -0.6866846         -0.5315074        -0.5995528
26            -0.6842807            -0.6367159         -0.5172574        -0.5723258
27            -0.8158593            -0.8120173         -0.6203093        -0.6601960
28            -0.8599244            -0.7422728         -0.5040992        -0.5959539
29            -0.5460436            -0.7405181         -0.5327548        -0.5655756
30            -0.7927187            -0.7968165         -0.6200327        -0.6508621
31            -0.9026281            -0.8318487         -0.5833777        -0.6590155
32            -0.8361122            -0.7731015         -0.6009323        -0.6203558
33            -0.8373202            -0.7829456         -0.6279477        -0.6778742
34            -0.8250388            -0.7697560         -0.6100309        -0.6358212
35            -0.8536396            -0.7702213         -0.5535856        -0.5790672
36            -0.7989481            -0.7632285         -0.5381312        -0.5881581
   tGravityAccMag-mean() tGravityAccMag-std() tBodyAccJerkMag-mean() tBodyAccJerkMag-std()
1             -0.9411107           -0.9321600             -0.9792088           -0.97424057
2             -0.9546439           -0.9393242             -0.9824444           -0.97890708
3             -0.9541797           -0.9465348             -0.9771180           -0.97145298
4             -0.1679379           -0.3377540             -0.2414520           -0.21455589
5              0.1012497            0.1164889             -0.1118018           -0.01122067
6             -0.1002041           -0.2498752             -0.3909386           -0.38540035
7             -0.4536329           -0.4970964             -0.5454316           -0.51592217
8             -0.5352818           -0.5528125             -0.5877774           -0.51211528
9             -0.5631408           -0.5912248             -0.6501824           -0.60765821
10            -0.5615821           -0.6065560             -0.6561163           -0.64724997
11            -0.4608664           -0.5216235             -0.5893139           -0.58903127
12            -0.4647700           -0.4837906             -0.5514137           -0.50293506
13            -0.5113120           -0.5106699             -0.6228158           -0.55056023
14            -0.4685226           -0.5540390             -0.5342486           -0.56447200
15            -0.5051835           -0.5530383             -0.6216082           -0.60886215
16            -0.5025002           -0.5453488             -0.5777619           -0.52934048
17            -0.5428250           -0.6128823             -0.6798195           -0.66424176
18            -0.5595865           -0.5743865             -0.6300505           -0.56636568
19            -0.5398716           -0.5972310             -0.6254669           -0.61024854
20            -0.4532626           -0.4740586             -0.6089734           -0.60514427
21            -0.5272854           -0.5571479             -0.6547997           -0.62566038
22            -0.6161311           -0.6617197             -0.7252469           -0.71964703
23            -0.5683672           -0.6360745             -0.6964652           -0.69394639
24            -0.6583710           -0.6896719             -0.7539047           -0.74521281
25            -0.5315074           -0.5995528             -0.5762252           -0.60191855
26            -0.5172574           -0.5723258             -0.6196988           -0.58864431
27            -0.6203093           -0.6601960             -0.7034613           -0.68006922
28            -0.5040992           -0.5959539             -0.6097728           -0.58982314
29            -0.5327548           -0.5655756             -0.5864007           -0.55872531
30            -0.6200327           -0.6508621             -0.7136674           -0.68939119
31            -0.5833777           -0.6590155             -0.7834454           -0.78045187
32            -0.6009323           -0.6203558             -0.6949179           -0.67742634
33            -0.6279477           -0.6778742             -0.7018074           -0.69600335
34            -0.6100309           -0.6358212             -0.6894294           -0.68770343
35            -0.5535856           -0.5790672             -0.6645381           -0.62047205
36            -0.5381312           -0.5881581             -0.6970501           -0.65897215
   tBodyGyroMag-mean() tBodyGyroMag-std() tBodyGyroJerkMag-mean() tBodyGyroJerkMag-std()
1           -0.9384360         -0.9405961              -0.9827266             -0.9767550
2           -0.9467241         -0.9511990              -0.9878801             -0.9846076
3           -0.9421525         -0.9295312              -0.9786971             -0.9735286
4           -0.2748660         -0.3826290              -0.4605115             -0.4988410
5           -0.1297856         -0.2514278              -0.4168916             -0.4409293
6           -0.1782811         -0.3371421              -0.6080471             -0.6668367
7           -0.4754048         -0.4998396              -0.6395174             -0.6520508
8           -0.6147711         -0.6805849              -0.7465595             -0.7400887
9           -0.6431501         -0.6740103              -0.7840567             -0.8036614
10          -0.6562911         -0.7067385              -0.8191914             -0.8441871
11          -0.6027703         -0.6640784              -0.7073835             -0.7341875
12          -0.5494949         -0.5798378              -0.6219362             -0.6444745
13          -0.5818999         -0.5986708              -0.7131913             -0.6580178
14          -0.4762149         -0.5814229              -0.6736255             -0.7158384
15          -0.5502019         -0.6631984              -0.7629796             -0.7861769
16          -0.5218198         -0.6244084              -0.7344658             -0.7688218
17          -0.6283679         -0.6967714              -0.8268290             -0.8669050
18          -0.6316681         -0.6848581              -0.7772945             -0.7863865
19          -0.5812154         -0.6363649              -0.7127450             -0.7120562
20          -0.4164598         -0.4714867              -0.7005209             -0.7270230
21          -0.6177218         -0.6753370              -0.8052827             -0.8371201
22          -0.7181688         -0.7848229              -0.8604464             -0.8748002
23          -0.6761851         -0.7501453              -0.8104382             -0.8252560
24          -0.7147357         -0.7757791              -0.8598999             -0.8885653
25          -0.5489197         -0.6100934              -0.6834365             -0.7255987
26          -0.5168612         -0.5800236              -0.6840485             -0.6835037
27          -0.6937792         -0.7613031              -0.8078174             -0.8240899
28          -0.6376661         -0.6763786              -0.7946813             -0.8264934
29          -0.5442080         -0.5419491              -0.6234126             -0.5739429
30          -0.6824472         -0.7429831              -0.7916466             -0.7889979
31          -0.6257331         -0.6851528              -0.8496307             -0.8727762
32          -0.6945977         -0.7518337              -0.7983259             -0.8182791
33          -0.6940160         -0.7547133              -0.8230677             -0.8372129
34          -0.6485386         -0.7109568              -0.7892949             -0.8057384
35          -0.6022290         -0.6537323              -0.8022939             -0.8401564
36          -0.5100328         -0.5737794              -0.7858709             -0.8103985
   fBodyAcc-mean()-X fBodyAcc-mean()-Y fBodyAcc-mean()-Z fBodyAcc-std()-X fBodyAcc-std()-Y
1        -0.96681207       -0.95267842        -0.9600180       -0.9590315     -0.942460971
2        -0.98309197       -0.94791797        -0.9570310       -0.9837473     -0.932533490
3        -0.98162230       -0.94313238        -0.9573597       -0.9858598     -0.931132967
4        -0.29789093       -0.04233922        -0.3418407       -0.3228358     -0.077206342
5         0.03525967        0.05668265        -0.2137292        0.1219380     -0.008233671
6        -0.29340675       -0.13495051        -0.3681221       -0.2188880     -0.021811037
7        -0.53189516       -0.40643545        -0.5964112       -0.5530606     -0.390150940
8        -0.57377091       -0.43256658        -0.6300812       -0.6197881     -0.464723863
9        -0.62573329       -0.50177994        -0.6996568       -0.6238050     -0.502753640
10       -0.62880638       -0.52583457        -0.7552354       -0.5975513     -0.534661524
11       -0.55123771       -0.44023243        -0.6961718       -0.4928299     -0.422162171
12       -0.50617493       -0.39204141        -0.6837259       -0.5066803     -0.396677794
13       -0.59301129       -0.56354779        -0.5310059       -0.5723475     -0.567046977
14       -0.58183141       -0.37494424        -0.5509794       -0.5853435     -0.378656459
15       -0.57925840       -0.61026780        -0.5921191       -0.5479957     -0.586766083
16       -0.53228946       -0.49465147        -0.6550623       -0.5411702     -0.532135173
17       -0.61952403       -0.53145527        -0.7500261       -0.5794918     -0.502570240
18       -0.57892021       -0.52328708        -0.7266403       -0.5869226     -0.553076639
19       -0.63881791       -0.49346719        -0.6297363       -0.6206020     -0.462584459
20       -0.61951327       -0.45523762        -0.4406507       -0.6094064     -0.376829989
21       -0.58377232       -0.50773521        -0.7417457       -0.5471509     -0.501568435
22       -0.70088515       -0.67157215        -0.6609899       -0.6569690     -0.661844531
23       -0.65178042       -0.60174138        -0.7189474       -0.5935102     -0.576930056
24       -0.71422776       -0.66365967        -0.7612292       -0.6878505     -0.632838238
25       -0.58705036       -0.52188808        -0.6470263       -0.5708980     -0.530901585
26       -0.61264111       -0.42639872        -0.6650069       -0.6031489     -0.381534029
27       -0.69348610       -0.59377821        -0.7077138       -0.6653497     -0.578748587
28       -0.59492965       -0.50817278        -0.6873210       -0.5289588     -0.515580973
29       -0.59908089       -0.54848321        -0.4902128       -0.6338391     -0.554471680
30       -0.70761378       -0.61150904        -0.6558590       -0.6643567     -0.594676790
31       -0.74841651       -0.60002770        -0.7385099       -0.7052237     -0.529064652
32       -0.65109030       -0.61042583        -0.7240461       -0.6134996     -0.600274810
33       -0.68145480       -0.64126784        -0.7154829       -0.6546594     -0.649506675
34       -0.65415652       -0.58493250        -0.7151345       -0.6478072     -0.595110473
35       -0.57990100       -0.58768631        -0.6805477       -0.5727879     -0.630978845
36       -0.63565013       -0.55849001        -0.6349585       -0.6092389     -0.531321492
   fBodyAcc-std()-Z fBodyAcc-meanFreq()-X fBodyAcc-meanFreq()-Y fBodyAcc-meanFreq()-Z
1        -0.9456436           -0.25937607          0.1430455840           0.203186963
2        -0.9343367           -0.04264025          0.0653031715           0.080298376
3        -0.9354396            0.01559585         -0.0332741191           0.052467003
4        -0.2960783           -0.28685828          0.0518636618           0.074956075
5        -0.2458729           -0.40001957          0.0006031344           0.092426337
6        -0.1466018           -0.43668398         -0.1698513272          -0.265200271
7        -0.4985831           -0.18055871          0.0576291647           0.058369278
8        -0.6006786           -0.10676342          0.1057341760           0.087210586
9        -0.6574438           -0.19281734          0.0389282523           0.004472614
10       -0.7087640           -0.18451857          0.0847707538          -0.016409686
11       -0.6493512           -0.22637069          0.0748636862           0.006266318
12       -0.6943652           -0.19153707          0.0590114879           0.113046089
13       -0.4607921           -0.31179051         -0.0300713296           0.014662085
14       -0.5132063           -0.21602226          0.0263297524           0.091395198
15       -0.5010740           -0.29134923         -0.0879003298          -0.030433423
16       -0.6258718           -0.15615083          0.0948129949           0.150687016
17       -0.6520957           -0.22436042          0.0318551464           0.050278301
18       -0.7099832           -0.18373822          0.0444598424           0.068910987
19       -0.5990369           -0.22205665         -0.0348311464           0.048726027
20       -0.2750137           -0.31917114         -0.1530835082          -0.107844299
21       -0.7114313           -0.21863712          0.0505085376           0.042451960
22       -0.6056467           -0.23857046         -0.0276434720           0.027823464
23       -0.6566229           -0.22629238          0.0052999292           0.007556358
24       -0.6948741           -0.21028806          0.0142017941           0.002379457
25       -0.6802914           -0.21243328          0.0703873634           0.160383894
26       -0.6475156           -0.22817794         -0.0114411447           0.077961545
27       -0.6755882           -0.23097617          0.0412761403           0.049552045
28       -0.6655170           -0.18103198          0.0371992326           0.080629567
29       -0.4747675           -0.20872442          0.0297877249           0.089984379
30       -0.6553605           -0.26335230         -0.0176079241           0.081258080
31       -0.6302246           -0.30665719         -0.1086501162          -0.074450210
32       -0.7184905           -0.22254583          0.0360382138           0.142429402
33       -0.6921308           -0.17030428          0.0959656106           0.133213659
34       -0.6957673           -0.21789472         -0.0652270031           0.018987886
35       -0.6025509           -0.16535079          0.1280769575           0.088627061
36       -0.5065704           -0.30277540         -0.0844208557          -0.041548060
   fBodyAccJerk-mean()-X fBodyAccJerk-mean()-Y fBodyAccJerk-mean()-Z fBodyAccJerk-std()-X
1            -0.98019766            -0.9713836            -0.9766145          -0.98245960
2            -0.98518877            -0.9739882            -0.9795620          -0.98618495
3            -0.98000869            -0.9645474            -0.9761578          -0.98182608
4            -0.31112744            -0.1703951            -0.4510105          -0.28789769
5            -0.07229678            -0.1163806            -0.3331903          -0.08219052
6            -0.38989677            -0.3646668            -0.5916701          -0.38899276
7            -0.54734889            -0.5073436            -0.6953051          -0.54397978
8            -0.56168205            -0.5089038            -0.7157453          -0.59510561
9            -0.64589350            -0.5829499            -0.7801016          -0.65784406
10           -0.65202308            -0.6016962            -0.8251549          -0.64462200
11           -0.60476987            -0.5509920            -0.7687624          -0.58401363
12           -0.54939427            -0.5035590            -0.7208672          -0.55534616
13           -0.63752194            -0.6416873            -0.6425157          -0.62678574
14           -0.59163501            -0.4959062            -0.6442858          -0.59854625
15           -0.62137714            -0.6997666            -0.7029319          -0.57281989
16           -0.54724304            -0.5551046            -0.7216897          -0.55340348
17           -0.67667299            -0.6323747            -0.8255596          -0.67219564
18           -0.59910932            -0.5912964            -0.7754266          -0.60296006
19           -0.66008217            -0.6033405            -0.7108317          -0.64960623
20           -0.65438501            -0.5986995            -0.6187122          -0.66146036
21           -0.64346952            -0.6094081            -0.8055435          -0.63765516
22           -0.74466204            -0.7486270            -0.7523022          -0.73477674
23           -0.71668162            -0.6947548            -0.8025288          -0.67654494
24           -0.75002008            -0.7441134            -0.8330321          -0.74251789
25           -0.59315717            -0.5966949            -0.6809245          -0.58691013
26           -0.65226423            -0.5577913            -0.7328356          -0.63471008
27           -0.71641413            -0.6786151            -0.7673520          -0.70980073
28           -0.60425320            -0.5743181            -0.7397018          -0.60245799
29           -0.61752184            -0.6282313            -0.5788708          -0.63505435
30           -0.75224537            -0.7036416            -0.7196557          -0.75137815
31           -0.80414464            -0.7405703            -0.8495048          -0.80771253
32           -0.69941317            -0.6967265            -0.7695653          -0.69431452
33           -0.71455468            -0.6945097            -0.7685745          -0.71285796
34           -0.68672380            -0.6707181            -0.7790617          -0.70407338
35           -0.62987585            -0.6412891            -0.7684339          -0.65156419
36           -0.68530777            -0.6716737            -0.7554322          -0.70187921
   fBodyAccJerk-std()-Y fBodyAccJerk-std()-Z fBodyAccJerk-meanFreq()-X fBodyAccJerk-meanFreq()-Y
1           -0.97305124           -0.9809719              0.1051787080               0.004853654
2           -0.97575086           -0.9836708              0.1850143538              -0.058310877
3           -0.96683163           -0.9815093              0.2028999614              -0.131892582
4           -0.09086991           -0.5063291             -0.2583882906              -0.354659110
5           -0.09141646           -0.4435547             -0.3149413255              -0.386044309
6           -0.35763293           -0.6615908             -0.3390804406              -0.452501331
7           -0.46625168           -0.7378619             -0.0488005966              -0.215279158
8           -0.50914754           -0.7670870              0.0868000536              -0.139776595
9           -0.55985119           -0.8108060             -0.0476941200              -0.236874241
10          -0.59385515           -0.8605447             -0.0005439918              -0.180584111
11          -0.49150043           -0.7988356             -0.1029208450              -0.274290922
12          -0.43783746           -0.7557511             -0.0956140260              -0.305422668
13          -0.62853163           -0.6848564             -0.1197843002              -0.239501714
14          -0.45636840           -0.6914809              0.0212336769              -0.169061574
15          -0.67906586           -0.7391399             -0.2191762662              -0.296107744
16          -0.55627173           -0.7791682             -0.0313012983              -0.148940676
17          -0.60944500           -0.8582596             -0.0874254925              -0.242572597
18          -0.57916805           -0.8085830             -0.0466198643              -0.204694170
19          -0.56212987           -0.7448235             -0.0241961823              -0.238328547
20          -0.60215894           -0.6944250             -0.1486573368              -0.305355379
21          -0.60585488           -0.8451111             -0.0490273567              -0.197408730
22          -0.73843440           -0.7820895             -0.0318889109              -0.194511969
23          -0.66315839           -0.8228017             -0.0799059758              -0.161634763
24          -0.73919783           -0.8601690             -0.0691387922              -0.211800164
25          -0.57259672           -0.7285219              0.0026388296              -0.160787596
26          -0.52590761           -0.7605091             -0.0946565249              -0.295851376
27          -0.67410236           -0.7949228              0.0168697571              -0.161814486
28          -0.57639181           -0.7802527              0.0665521438              -0.178425081
29          -0.63697761           -0.6275404              0.0173580639              -0.124670180
30          -0.68828046           -0.7516287             -0.0570423475              -0.231131633
31          -0.72170767           -0.8705415             -0.1107930095              -0.347751351
32          -0.68035806           -0.7860491             -0.0238396622              -0.168914575
33          -0.67574479           -0.7973034             -0.0104617496              -0.115922114
34          -0.65485592           -0.8217155             -0.0342097361              -0.277563092
35          -0.65552612           -0.8182928              0.0107764077              -0.081561131
36          -0.67262202           -0.8071849             -0.1316499762              -0.294148321
   fBodyAccJerk-meanFreq()-Z fBodyGyro-mean()-X fBodyGyro-mean()-Y fBodyGyro-mean()-Z
1                0.069961990         -0.9629150         -0.9675821         -0.9641844
2                0.002996225         -0.9772673         -0.9724576         -0.9610287
3                0.006700229         -0.9436543         -0.9653028         -0.9583850
4               -0.240686497         -0.3482374         -0.3883849         -0.3104062
5               -0.237402803         -0.2179229         -0.3175927         -0.1656251
6               -0.441162740         -0.3942482         -0.4592535         -0.2968577
7               -0.096449638         -0.6232192         -0.5053094         -0.5535291
8               -0.094265187         -0.6387177         -0.7220690         -0.6015949
9               -0.193657539         -0.6420977         -0.7751450         -0.6707347
10              -0.110565549         -0.6418820         -0.8315275         -0.6893089
11              -0.163706246         -0.6322393         -0.7170622         -0.5373291
12              -0.100682391         -0.5372014         -0.6211887         -0.5076042
13              -0.220260861         -0.6437676         -0.6304193         -0.6550834
14              -0.082608610         -0.6013824         -0.5759385         -0.5255629
15              -0.290292303         -0.6398632         -0.6839243         -0.6126805
16               0.011238506         -0.6203792         -0.6483506         -0.5674567
17              -0.099229632         -0.7099493         -0.7768529         -0.7088430
18              -0.097564020         -0.6612468         -0.7447981         -0.6573699
19              -0.120605488         -0.6586424         -0.6471528         -0.6204712
20              -0.239200680         -0.6991664         -0.5046332         -0.4239182
21              -0.073783447         -0.6643544         -0.7607114         -0.7111945
22              -0.170592442         -0.7897801         -0.8159621         -0.7562866
23              -0.162384818         -0.7287104         -0.7747453         -0.7268578
24              -0.123235904         -0.7877576         -0.8163859         -0.7559268
25               0.002255799         -0.5530896         -0.6413373         -0.6026253
26              -0.173772101         -0.6264454         -0.5910397         -0.5184445
27              -0.112817223         -0.7520408         -0.7593257         -0.7094714
28              -0.046769179         -0.6395757         -0.7913997         -0.6433633
29              -0.112528879         -0.6851365         -0.4977838         -0.6176854
30              -0.139771192         -0.7226074         -0.7537105         -0.7094886
31              -0.235707422         -0.6721978         -0.8131338         -0.7468322
32              -0.085046285         -0.7031096         -0.7993531         -0.6894048
33              -0.068159151         -0.7685057         -0.7954340         -0.7027885
34              -0.126061027         -0.6743567         -0.7470679         -0.6735139
35              -0.009526462         -0.6857474         -0.7359723         -0.6892214
36              -0.168604694         -0.6674182         -0.6299107         -0.6156993
   fBodyGyro-std()-X fBodyGyro-std()-Y fBodyGyro-std()-Z fBodyGyro-meanFreq()-X
1         -0.9697473        -0.9613654        -0.9667252           -0.017460509
2         -0.9823333        -0.9640337        -0.9610302            0.062591165
3         -0.9469716        -0.9594986        -0.9606892           -0.227494716
4         -0.5104320        -0.3319615        -0.4105691           -0.067741823
5         -0.3751275        -0.3618537        -0.3804100           -0.170016350
6         -0.4952540        -0.2931818        -0.2920413           -0.212837257
7         -0.7082634        -0.4298258        -0.6504762           -0.032032410
8         -0.7345885        -0.7271677        -0.6831145           -0.005765006
9         -0.7192766        -0.7585053        -0.7510089           -0.102568068
10        -0.7217492        -0.7828857        -0.7670896           -0.118518212
11        -0.7357386        -0.7022904        -0.6693537           -0.038164699
12        -0.6928624        -0.6332362        -0.6730203            0.028908719
13        -0.7038836        -0.6711619        -0.6989495           -0.134491773
14        -0.6752754        -0.5730873        -0.5539686           -0.117102794
15        -0.6906899        -0.6672032        -0.6194686           -0.205909255
16        -0.6926543        -0.5659437        -0.6459477           -0.066315095
17        -0.7517583        -0.6708927        -0.7559606           -0.111874925
18        -0.7503939        -0.7334567        -0.7082332           -0.084349830
19        -0.7346580        -0.6506236        -0.6857745           -0.112645469
20        -0.7400522        -0.3488642        -0.4076721           -0.241341061
21        -0.7093362        -0.6845047        -0.7516965           -0.143256674
22        -0.8049918        -0.8094214        -0.7569936           -0.137899091
23        -0.7700572        -0.7613352        -0.7451015           -0.081102758
24        -0.8121752        -0.7596656        -0.7663817           -0.113596306
25        -0.6660713        -0.6501054        -0.6947291           -0.032184261
26        -0.7044818        -0.5675886        -0.5750022           -0.152974669
27        -0.8110267        -0.7713883        -0.7283193           -0.089010658
28        -0.7149779        -0.7820461        -0.6906794           -0.164138008
29        -0.7791971        -0.5078505        -0.6441310           -0.025169280
30        -0.7940635        -0.7719698        -0.7357499           -0.050107859
31        -0.6903985        -0.7235844        -0.7712089           -0.207601176
32        -0.7874031        -0.8036353        -0.7359424           -0.016777861
33        -0.8062884        -0.8087918        -0.6971473           -0.089165360
34        -0.7620310        -0.7408195        -0.7002913           -0.151644340
35        -0.7525678        -0.5888580        -0.7491632            0.002010442
36        -0.6768020        -0.4963104        -0.6202534           -0.231709877
   fBodyGyro-meanFreq()-Y fBodyGyro-meanFreq()-Z fBodyAccMag-mean() fBodyAccMag-std()
1             -0.13933731            0.113280103         -0.9476727       -0.93491667
2             -0.21802833           -0.012699994         -0.9524104       -0.94200015
3             -0.21601237           -0.091429386         -0.9558681       -0.94960161
4             -0.09845307           -0.072178730         -0.2755581       -0.48000228
5             -0.04408539           -0.018791761          0.1428494       -0.07542517
6             -0.31951869           -0.260341102         -0.2620281       -0.36175346
7             -0.09015172           -0.018006394         -0.4784485       -0.58971023
8             -0.07021550            0.051362729         -0.5145699       -0.64666231
9             -0.16767503           -0.032186269         -0.5790765       -0.66307984
10            -0.37533254            0.024188940         -0.6020980       -0.67294834
11            -0.07206660            0.074402899         -0.5285030       -0.59425953
12            -0.04279002            0.101044784         -0.4739749       -0.57091029
13            -0.10388451           -0.086341238         -0.5183239       -0.58381980
14            -0.15387970           -0.043025881         -0.5121068       -0.65163808
15            -0.24088044           -0.196153281         -0.5531864       -0.62445683
16            -0.08815159           -0.050074354         -0.5187340       -0.63319611
17            -0.18177803           -0.081095167         -0.6115281       -0.67447016
18            -0.10730987           -0.064849392         -0.5592837       -0.65053328
19            -0.08061302           -0.005050370         -0.5899281       -0.66534486
20            -0.34543476           -0.212818475         -0.4908742       -0.54826993
21            -0.22213747           -0.057976058         -0.5629484       -0.62365562
22            -0.15801841           -0.053894629         -0.6669625       -0.71268099
23            -0.10677830           -0.032266458         -0.6461892       -0.68753694
24            -0.24547725           -0.089092788         -0.6977329       -0.73390405
25            -0.19629761           -0.041501377         -0.5564044       -0.68986092
26            -0.19728108           -0.138316973         -0.5602789       -0.64830620
27            -0.18645797           -0.022885187         -0.6586647       -0.71434574
28            -0.20074131           -0.051630249         -0.5743332       -0.67389621
29            -0.05927247           -0.022942490         -0.5290293       -0.65704892
30            -0.09753476           -0.055640739         -0.6501219       -0.70592843
31            -0.34914693           -0.135139740         -0.6950197       -0.69536793
32            -0.09977745            0.002936524         -0.6317570       -0.67391780
33            -0.05265927           -0.007083336         -0.6671858       -0.73488306
34            -0.27061322           -0.089691740         -0.6287632       -0.69699400
35            -0.25394005            0.020351608         -0.5892940       -0.63931418
36            -0.36112280           -0.201705724         -0.6003721       -0.64652281
   fBodyAccMag-meanFreq() fBodyBodyAccJerkMag-mean() fBodyBodyAccJerkMag-std()
1             0.116228985               -0.974300115               -0.97318340
2             0.114105393               -0.978684370               -0.97815477
3             0.048494737               -0.971090424               -0.97094797
4             0.184417206               -0.214653972               -0.22161777
5             0.025036465                0.004762459               -0.04227142
6            -0.053217006               -0.353962000               -0.43420673
7             0.142062163               -0.499075766               -0.54182308
8             0.192199738               -0.509746433               -0.51880080
9             0.077066559               -0.604752108               -0.61564369
10            0.096363669               -0.635019005               -0.66650672
11            0.078145559               -0.573176177               -0.61348512
12            0.102346682               -0.494882316               -0.51671126
13           -0.010687375               -0.553360010               -0.55068325
14            0.146541440               -0.529244911               -0.61802741
15           -0.003582691               -0.609193722               -0.61161934
16            0.173253569               -0.515140811               -0.55302736
17            0.127250350               -0.656133473               -0.67692508
18            0.075592658               -0.564239194               -0.57161489
19            0.084947568               -0.607295296               -0.61707547
20           -0.060068127               -0.596896309               -0.61921514
21            0.061427919               -0.614817605               -0.64310117
22            0.055866821               -0.713167614               -0.72986940
23            0.035532441               -0.697575559               -0.69259578
24            0.091107172               -0.742323822               -0.75018998
25            0.115775171               -0.576064648               -0.64108901
26            0.060492621               -0.584571447               -0.59735105
27            0.084651261               -0.679742585               -0.68372513
28            0.103277150               -0.585442502               -0.59928688
29            0.115335185               -0.542663319               -0.58383231
30            0.023630057               -0.696845583               -0.68244715
31           -0.042642361               -0.779190076               -0.78354723
32            0.088328669               -0.679278324               -0.67802576
33            0.191781300               -0.688572791               -0.70753137
34            0.017994850               -0.675428720               -0.70641583
35            0.162765301               -0.609879937               -0.63643447
36           -0.030119712               -0.656339724               -0.66460026
   fBodyBodyAccJerkMag-meanFreq() fBodyBodyGyroMag-mean() fBodyBodyGyroMag-std()
1                      0.28111501              -0.9548545             -0.9421157
2                      0.28146082              -0.9642961             -0.9516417
3                      0.25126842              -0.9479085             -0.9306367
4                      0.07731404              -0.4091730             -0.4738331
5                      0.02007041              -0.2895258             -0.3612310
6                      0.06287261              -0.4497814             -0.3814064
7                      0.20005518              -0.5350028             -0.5665767
8                      0.19306682              -0.6997429             -0.7253103
9                      0.11231984              -0.7168221             -0.7038394
10                     0.16047988              -0.7456508             -0.7325863
11                     0.13161930              -0.6773558             -0.7157311
12                     0.08311655              -0.5791301             -0.6573687
13                     0.10869573              -0.6288773             -0.6509236
14                     0.27152887              -0.6099843             -0.6366739
15                     0.09835983              -0.7008631             -0.6977294
16                     0.16307270              -0.6614966             -0.6660146
17                     0.15836355              -0.7575859             -0.7112672
18                     0.12632361              -0.7173117             -0.7194381
19                     0.18286125              -0.6522253             -0.6919152
20                     0.13723955              -0.5430305             -0.5169305
21                     0.15840422              -0.7323945             -0.6953468
22                     0.22168363              -0.8171288             -0.8020782
23                     0.21639413              -0.7694986             -0.7822325
24                     0.22459655              -0.8162866             -0.7897777
25                     0.23207478              -0.6362880             -0.6623260
26                     0.08722347              -0.6069709             -0.6358163
27                     0.24432186              -0.7764731             -0.7931585
28                     0.16193636              -0.7281668             -0.6996001
29                     0.20255328              -0.5346572             -0.6322885
30                     0.19842201              -0.7541316             -0.7820763
31                     0.16822273              -0.7542361             -0.6972131
32                     0.18046066              -0.7705049             -0.7826243
33                     0.24674220              -0.7859536             -0.7778104
34                     0.17361040              -0.7379081             -0.7437846
35                     0.22745081              -0.7220184             -0.6714543
36                     0.08170462              -0.6696005             -0.5891927
   fBodyBodyGyroMag-meanFreq() fBodyBodyGyroJerkMag-mean() fBodyBodyGyroJerkMag-std()
1                 -0.029365295                  -0.9779682                 -0.9766482
2                 -0.076439553                  -0.9853356                 -0.9844914
3                 -0.183705132                  -0.9748860                 -0.9734611
4                  0.163203814                  -0.5155168                 -0.5144048
5                  0.067172785                  -0.4380073                 -0.4864430
6                 -0.168707549                  -0.6586945                 -0.7030835
7                  0.064930944                  -0.6459707                 -0.6858113
8                  0.047132481                  -0.7516151                 -0.7441950
9                 -0.084607523                  -0.8100855                 -0.8100327
10                -0.129301517                  -0.8388332                 -0.8630969
11                 0.062219114                  -0.7488293                 -0.7356106
12                 0.104193398                  -0.6518869                 -0.6601759
13                -0.035227633                  -0.6688792                 -0.6689634
14                -0.023224153                  -0.7021562                 -0.7557173
15                -0.108828635                  -0.7864740                 -0.8012963
16                 0.012085594                  -0.7677801                 -0.7871443
17                -0.109781793                  -0.8648270                 -0.8792540
18                -0.045535717                  -0.7899029                 -0.7973615
19                 0.062589181                  -0.7120544                 -0.7331836
20                -0.138544755                  -0.7175901                 -0.7605601
21                -0.149680865                  -0.8368019                 -0.8496345
22                -0.050122134                  -0.8727723                 -0.8865332
23                 0.004883371                  -0.8291245                 -0.8337010
24                -0.057369668                  -0.8846630                 -0.9022068
25                -0.019933625                  -0.7195190                 -0.7542237
26                -0.067671291                  -0.6926381                 -0.6946800
27                -0.005719226                  -0.8262750                 -0.8349499
28                -0.131615440                  -0.8301920                 -0.8355972
29                 0.154723198                  -0.5841110                 -0.5937353
30                 0.019448601                  -0.7950192                 -0.7961573
31                -0.220820330                  -0.8759707                 -0.8777150
32                -0.012158728                  -0.8238653                 -0.8239914
33                 0.011486738                  -0.8375860                 -0.8482600
34                -0.122999828                  -0.8068822                 -0.8184485
35                -0.044646922                  -0.8404642                 -0.8514624
36                -0.205094597                  -0.8112923                 -0.8228056
   fBodyBodyGyroJerkMag-meanFreq()
1                      0.165728127
2                      0.177738591
3                      0.084865040
4                      0.130805801
5                      0.095758825
6                      0.094112452
7                      0.198031580
8                      0.124612069
9                      0.059962873
10                     0.159075728
11                     0.030756456
12                     0.081817623
13                     0.063192044
14                     0.223748693
15                     0.092776374
16                     0.153580254
17                     0.117892113
18                     0.070587361
19                     0.157417463
20                     0.090757952
21                     0.095556423
22                     0.153211240
23                     0.232792536
24                     0.193231487
25                     0.128629739
26                     0.050429144
27                     0.205643656
28                     0.119560564
29                     0.169185025
30                     0.161739609
31                     0.047148287
32                     0.147533707
33                     0.203684998
34                    -0.002009238
35                     0.212434137
36                     0.043305056
